"""将已提取的数据保存为 CSV 文件，供后续使用"""
import pandas as pd
import os

os.chdir(r'D:\高铁快运')

# ========== 1. OD需求矩阵 ==========
stations = ['上海', '南通', '杭州', '南京', '合肥', '蚌埠', '徐州',
            '武汉', '长沙', '南昌', '郑州', '宜昌', '重庆', '贵阳', '成都']

# 方向1 (上三角)
dir1 = [
    [0, 23.84, 0, 16.5, 16.58, 3.7, 0, 64.32, 28.64, 8.64, 31.26, 17.64, 34.68, 7.16, 66.32],
    [0, 0, 5.92, 0, 3.34, 2.56, 0, 14.8, 3.52, 2.46, 2.28, 0.72, 3.4, 1.26, 4.6],
    [0, 0, 0, 6.4, 2.32, 1.44, 3.66, 49.28, 6.78, 6.56, 8.32, 7.04, 7.7, 2.52, 17.34],
    [0, 0, 0, 0, 5.16, 0, 0, 38.32, 12.46, 4.08, 15.36, 7.36, 3.08, 3.7, 5.36],
    [0, 0, 0, 0, 0, 0, 0, 24.76, 5.36, 3.78, 9.36, 12.5, 12.4, 17.6, 1.8],
    [0, 0, 0, 0, 0, 0, 3.32, 12.46, 3, 2.48, 1.64, 11.2, 5, 0.72, 2.96],
    [0, 0, 0, 0, 0, 0, 0, 11.28, 2.52, 2.06, 3.26, 1.56, 7.2, 1.84, 2.46],
    [0, 0, 0, 0, 0, 0, 0, 0, 17.24, 15.74, 8.14, 0, 32.9, 16.52, 25.06],
    [0, 0, 0, 0, 0, 0, 0, 0, 0, 5.52, 2.54, 4.88, 2.82, 4.46, 5.46],
    [0, 0, 0, 0, 0, 0, 0, 0, 0, 0, 8.64, 4.52, 5.6, 2.7, 6.74],
    [0, 0, 0, 0, 0, 0, 0, 0, 0, 0, 0, 3.3, 3.14, 7.72, 6.54],
    [0, 0, 0, 0, 0, 0, 0, 0, 0, 0, 0, 0, 3.74, 9.04, 3.2],
    [0, 0, 0, 0, 0, 0, 0, 0, 0, 0, 0, 0, 0, 4.6, 0],
    [0, 0, 0, 0, 0, 0, 0, 0, 0, 0, 0, 0, 0, 0, 2.52],
    [0, 0, 0, 0, 0, 0, 0, 0, 0, 0, 0, 0, 0, 0, 0],
]

# 方向2 (下三角)
dir2 = [
    [0,0,0,0,0,0,0,0,0,0,0,0,0,0,0],
    [23.84,0,0,0,0,0,0,0,0,0,0,0,0,0,0],
    [0,5.92,0,0,0,0,0,0,0,0,0,0,0,0,0],
    [16.5,0,6.4,0,0,0,0,0,0,0,0,0,0,0,0],
    [16.58,3.34,2.32,5.16,0,0,0,0,0,0,0,0,0,0,0],
    [3.7,2.56,1.44,0,0,0,0,0,0,0,0,0,0,0,0],
    [0,0,3.66,0,0,3.32,0,0,0,0,0,0,0,0,0],
    [64.32,14.8,49.28,38.32,24.76,12.46,11.28,0,0,0,0,0,0,0,0],
    [28.64,3.52,6.78,12.46,5.36,3,2.52,17.24,0,0,0,0,0,0,0],
    [8.64,2.46,6.56,4.08,3.78,2.48,2.06,15.74,5.52,0,0,0,0,0,0],
    [31.26,2.28,8.32,15.36,9.36,1.64,3.26,8.14,2.54,8.64,0,0,0,0,0],
    [17.64,0.72,7.04,7.36,12.5,11.2,1.56,0,4.88,4.52,3.3,0,0,0,0],
    [34.68,3.4,7.7,3.08,12.4,5,7.2,32.9,2.82,5.6,3.14,3.74,0,0,0],
    [7.16,1.26,2.52,3.7,17.6,0.72,1.84,16.52,4.46,2.7,7.72,9.04,4.6,0,0],
    [66.32,4.6,17.34,5.36,1.8,2.96,2.46,25.06,5.46,6.74,6.54,3.2,0,2.52,0],
]

# 合并为完整OD矩阵（双向）
od_full = [[dir1[i][j] + dir2[i][j] for j in range(15)] for i in range(15)]

# 保存为长格式CSV
rows = []
for i in range(15):
    for j in range(15):
        if dir1[i][j] > 0:
            rows.append({'from': stations[i], 'from_code': ['SH','NT','HZ','NJ','HF','BB','XZ','WH','CS','NC','ZZ','YC','CQ','GY','CD'][i],
                         'to': stations[j], 'to_code': ['SH','NT','HZ','NJ','HF','BB','XZ','WH','CS','NC','ZZ','YC','CQ','GY','CD'][j],
                         'demand_t_per_day': dir1[i][j], 'direction': 1})
        if dir2[i][j] > 0:
            rows.append({'from': stations[i], 'from_code': ['SH','NT','HZ','NJ','HF','BB','XZ','WH','CS','NC','ZZ','YC','CQ','GY','CD'][i],
                         'to': stations[j], 'to_code': ['SH','NT','HZ','NJ','HF','BB','XZ','WH','CS','NC','ZZ','YC','CQ','GY','CD'][j],
                         'demand_t_per_day': dir2[i][j], 'direction': 2})

df_od = pd.DataFrame(rows)
df_od.to_csv('od_demand.csv', index=False, encoding='utf-8-sig')
print(f"OD需求: {len(df_od)} 条, 总需求 {df_od['demand_t_per_day'].sum():.1f} 吨/日")

# ========== 2. 基地规模参数 ==========
df_scale = pd.DataFrame({
    'scale_id': [0, 1, 2, 3],
    'name': ['改建小规模', '新建小规模', '新建中规模', '新建大规模'],
    'cargo_emu_capacity': [1, 4, 8, 10],  # 货运动车组处理能力 列/日
    'piggyback_capacity': [6, 6, 6, 6],    # 捎带列车处理能力 列/日
    'construction_cost_yi': [0.768, 5.76, 7.68, 9.6],  # 建设成本 亿元
    'fixed_labor_cost_wan': [12, 1200, 2100, 3000],     # 固定人工成本 万元/年
    'mgmt_cost_per_train': [20000, 20000, 20000, 20000],  # 管理成本 元/列
    'labor_cost_per_train': [2000, 2000, 2000, 2000],     # 单列人工成本 元/列
})
df_scale.to_csv('base_scale_params.csv', index=False, encoding='utf-8-sig')

# ========== 3. 列车/运输参数 ==========
df_train = pd.DataFrame({
    'train_type': ['货运动车组', '确认车捎带', '载客列车捎带'],
    'capacity_t': [85, 8, 2.7],
    'fixed_cost_per_train': [50000, 0, 0],
    'loading_cost_per_t': [144, 120, 120],
    'variable_cost_per_km': [116.6, 0, 0],
    'freight_rate_per_tkm': [4.5, 3, 3],
})
df_train.to_csv('train_params.csv', index=False, encoding='utf-8-sig')

# ========== 4. 站点信息 ==========
codes = ['SH','NT','HZ','NJ','HF','BB','XZ','WH','CS','NC','ZZ','YC','CQ','GY','CD']
candidate = [1,0,1,1,1,0,1,1,1,1,1,0,1,1,1]  # 1=候选基地
df_stations = pd.DataFrame({
    'idx': range(15),
    'code': codes,
    'name': stations,
    'is_candidate': candidate,
})
df_stations.to_csv('stations.csv', index=False, encoding='utf-8-sig')

print("所有数据已保存为 CSV 文件")
print(f"站点数: {len(df_stations)}, 候选基地: {sum(candidate)}")
print(f"总需求: {df_od['demand_t_per_day'].sum():.1f} 吨/日")
print(f"需求OD对数: {len(df_od)}")

# ========== 5. 关键参数汇总 ==========
print("\n=== 关键参数汇总 ===")
print(f"线路通过能力: 8 列货运动车组/日/区间")
print(f"货运动车组装载能力: 85 吨/列")
print(f"捎带列车每站限处理: 6 列/日")
print(f"中转成本: 2.52 元/吨次")
print(f"建设成本摊销: 20年 × 365日")
print(f"货运动车组停靠: 0.4 列基地处理能力")
print(f"货运动车组固定成本: 50000 元/列")
print(f"货运动车组可变成本: 116.6 元/km")
print(f"货运动车组装卸成本: 144 元/吨")
print(f"货运动车组运价: 4.5 元/吨公里")
print(f"捎带货运动车组运价: 3 元/吨公里")
print(f"捎带装卸成本: 120 元/吨")
